 1  0 -29554.63      0.00      0.00      0.00                       IGRF2005   1
 1  1  -1669.05   5077.99      0.00      0.00                       IGRF2005   2
 2  0  -2337.24      0.00      0.00      0.00                       IGRF2005   3
 2  1   3047.69  -2594.50      0.00      0.00                       IGRF2005   4
 2  2   1657.76   -515.43      0.00      0.00                       IGRF2005   5
 3  0   1336.30      0.00      0.00      0.00                       IGRF2005   6
 3  1  -2305.83   -198.86      0.00      0.00                       IGRF2005   7
 3  2   1246.39    269.72      0.00      0.00                       IGRF2005   8
 3  3    672.51   -524.72      0.00      0.00                       IGRF2005   9
 4  0    920.55      0.00      0.00      0.00                       IGRF2005  10
 4  1    797.96    282.07      0.00      0.00                       IGRF2005  11
 4  2    210.65   -225.23      0.00      0.00                       IGRF2005  12
 4  3   -379.86    145.15      0.00      0.00                       IGRF2005  13
 4  4    100.00   -305.36      0.00      0.00                       IGRF2005  14
 5  0   -227.00      0.00      0.00      0.00                       IGRF2005  15
 5  1    354.41     42.72      0.00      0.00                       IGRF2005  16
 5  2    208.95    180.25      0.00      0.00                       IGRF2005  17
 5  3   -136.54   -123.45      0.00      0.00                       IGRF2005  18
 5  4   -168.05    -19.57      0.00      0.00                       IGRF2005  19
 5  5    -13.55    103.85      0.00      0.00                       IGRF2005  20
 6  0     73.60      0.00      0.00      0.00                       IGRF2005  21
 6  1     69.56    -20.33      0.00      0.00                       IGRF2005  22
 6  2     76.74     54.75      0.00      0.00                       IGRF2005  23
 6  3   -151.34     63.63      0.00      0.00                       IGRF2005  24
 6  4    -14.58    -63.53      0.00      0.00                       IGRF2005  25
 6  5     14.58      0.24      0.00      0.00                       IGRF2005  26
 6  6    -86.36     50.94      0.00      0.00                       IGRF2005  27
 7  0     79.88      0.00      0.00      0.00                       IGRF2005  28
 7  1    -74.46    -61.14      0.00      0.00                       IGRF2005  29
 7  2     -1.65    -22.57      0.00      0.00                       IGRF2005  30
 7  3     38.73      6.82      0.00      0.00                       IGRF2005  31
 7  4     12.30     25.35      0.00      0.00                       IGRF2005  32
 7  5      9.37     10.93      0.00      0.00                       IGRF2005  33
 7  6      5.42    -26.32      0.00      0.00                       IGRF2005  34
 7  7      1.94     -4.64      0.00      0.00                       IGRF2005  35
 8  0     24.80      0.00      0.00      0.00                       IGRF2005  36
 8  1      7.62     11.20      0.00      0.00                       IGRF2005  37
 8  2    -11.73    -20.88      0.00      0.00                       IGRF2005  38
 8  3     -6.88      9.83      0.00      0.00                       IGRF2005  39
 8  4    -18.11    -19.71      0.00      0.00                       IGRF2005  40
 8  5     10.17     16.22      0.00      0.00                       IGRF2005  41
 8  6      9.36      7.61      0.00      0.00                       IGRF2005  42
 8  7    -11.25    -12.76      0.00      0.00                       IGRF2005  43
 8  8     -4.87     -0.06      0.00      0.00                       IGRF2005  44
 9  0      5.58      0.00      0.00      0.00                       IGRF2005  45
 9  1      9.76    -20.11      0.00      0.00                       IGRF2005  46
 9  2      3.58     12.69      0.00      0.00                       IGRF2005  47
 9  3     -6.94     12.67      0.00      0.00                       IGRF2005  48
 9  4      5.01     -6.72      0.00      0.00                       IGRF2005  49
 9  5    -10.76     -8.16      0.00      0.00                       IGRF2005  50
 9  6     -1.25      8.10      0.00      0.00                       IGRF2005  51
 9  7      8.76      2.92      0.00      0.00                       IGRF2005  52
 9  8     -6.66     -7.73      0.00      0.00                       IGRF2005  53
 9  9     -9.22      6.01      0.00      0.00                       IGRF2005  54
10  0     -2.17      0.00      0.00      0.00                       IGRF2005  55
10  1     -6.12      2.19      0.00      0.00                       IGRF2005  56
10  2      1.42      0.10      0.00      0.00                       IGRF2005  57
10  3     -2.35      4.46      0.00      0.00                       IGRF2005  58
10  4     -0.15      4.76      0.00      0.00                       IGRF2005  59
10  5      3.06     -6.58      0.00      0.00                       IGRF2005  60
10  6      0.29     -1.01      0.00      0.00                       IGRF2005  61
10  7      2.06     -3.47      0.00      0.00                       IGRF2005  62
10  8      3.77     -0.86      0.00      0.00                       IGRF2005  63
10  9     -0.21     -2.31      0.00      0.00                       IGRF2005  64
10 10     -2.09     -7.93      0.00      0.00                       IGRF2005  65
11  0      2.95      0.00      0.00      0.00                       IGRF2005  66
11  1     -1.60      0.26      0.00      0.00                       IGRF2005  67
11  2     -1.88      1.44      0.00      0.00                       IGRF2005  68
11  3      1.44     -0.77      0.00      0.00                       IGRF2005  69
11  4     -0.31     -2.27      0.00      0.00                       IGRF2005  70
11  5      0.29      0.90      0.00      0.00                       IGRF2005  71
11  6     -0.79     -0.58      0.00      0.00                       IGRF2005  72
11  7      0.53     -2.69      0.00      0.00                       IGRF2005  73
11  8      1.80     -1.08      0.00      0.00                       IGRF2005  74
11  9      0.16     -1.58      0.00      0.00                       IGRF2005  75
11 10      0.96     -1.90      0.00      0.00                       IGRF2005  76
11 11      3.99     -1.39      0.00      0.00                       IGRF2005  77
12  0     -2.15      0.00      0.00      0.00                       IGRF2005  78
12  1     -0.29     -0.55      0.00      0.00                       IGRF2005  79
12  2      0.21      0.23      0.00      0.00                       IGRF2005  80
12  3      0.89      2.38      0.00      0.00                       IGRF2005  81
12  4     -0.38     -2.63      0.00      0.00                       IGRF2005  82
12  5      0.96      0.61      0.00      0.00                       IGRF2005  83
12  6     -0.30      0.40      0.00      0.00                       IGRF2005  84
12  7      0.46      0.01      0.00      0.00                       IGRF2005  85
12  8     -0.35      0.02      0.00      0.00                       IGRF2005  86
12  9     -0.36      0.28      0.00      0.00                       IGRF2005  87
12 10      0.08     -0.87      0.00      0.00                       IGRF2005  88
12 11     -0.49     -0.34      0.00      0.00                       IGRF2005  89
12 12     -0.08      0.88      0.00      0.00                       IGRF2005  90
13  0     -0.16      0.00      0.00      0.00                       IGRF2005  91
13  1     -0.88     -0.76      0.00      0.00                       IGRF2005  92
13  2      0.30      0.33      0.00      0.00                       IGRF2005  93
13  3      0.28      1.72      0.00      0.00                       IGRF2005  94
13  4     -0.43     -0.54      0.00      0.00                       IGRF2005  95
13  5      1.18     -1.07      0.00      0.00                       IGRF2005  96
13  6     -0.37     -0.04      0.00      0.00                       IGRF2005  97
13  7      0.75      0.63      0.00      0.00                       IGRF2005  98
13  8     -0.26      0.21      0.00      0.00                       IGRF2005  99
13  9      0.35      0.53      0.00      0.00                       IGRF2005 100
13 10     -0.05      0.38      0.00      0.00                       IGRF2005 101
13 11      0.41     -0.22      0.00      0.00                       IGRF2005 102
13 12     -0.10     -0.57      0.00      0.00                       IGRF2005 103
13 13     -0.18     -0.82      0.00      0.00                       IGRF2005 104
